1213.23
1632.31
1450.02
1385.28
1375.49
1604.33
1510.31
1830.95
1318.03
1747.48
1395.66
1572.6
1646.79
1587.93
1208.71
1607.29
1560
1292.66
1367.07
1987.05
1341.3
1615.1
1483.7
1548.67
1282.41
1687.2
1868.48
1394.04
1306.39
1721.33
1583.54
1581.35
1265.28
1599.54
1633.51
1653.45
1258.78
1404.16
1557.96
1500.9
1476.34
1526.68
1754.98
1724.06
1484.55
1412.89
1209.16
1798.3
1708.59
1591.09
1685.21
1322.04
1068.03
1737
1780.89
1591.7
1617.45
1327.27
1455.22
1614.02
1412.96
1383.34
1741.76
1434.18
1326.1
1182.51
1258.26
1495.15
1564.32
1606.48
1380.11
1566.07
1632.73
1572.86
1322.3
1504.37
1413.35
1282.28
1543.37
1665.44
1539.16
1481.9
1581.93
1625.56
1421.35
1443.56
1520.71
1495.78
1174
1451.88
1628.21
1361.09
1367.78
1267.83
1584.44
1846.77
1577.94
1432.83
1201.95
1241.66
