1212.07
1661.12
1426.7
1392.96
1376.07
1579.91
1434.12
1859.47
1280.78
1791.48
1436.03
1609.31
1622.53
1583.59
1191.71
1602.37
1542.17
1300.17
1432.67
1924.25
1328.41
1645.86
1416.79
1589.65
1342.95
1638.83
1842.32
1391.21
1352.37
1745.28
1649.64
1597.67
1275.71
1628.55
1616.32
1706.59
1286.75
1489.53
1542.35
1509.02
1465.85
1546.96
1714.69
1691.32
1429.91
1401.54
1229.46
1814.39
1704.31
1570.9
1712.57
1228.28
1024.87
1715.48
1740.97
1601.78
1582.16
1352.59
1467.89
1644.22
1375.47
1295.32
1789.08
1405.54
1324.42
1067.26
1187.85
1520.2
1576.25
1614.61
1391.16
1511.1
1608.19
1585.7
1292.42
1455.39
1401.25
1310.29
1466.9
1739.48
1506.23
1520.34
1632.21
1661.6
1365.54
1485.13
1525.21
1557.84
1202.09
1514.13
1589.12
1416.39
1319.52
1305.93
1534.4
1898.14
1586.11
1389.54
1275.6
1301.63
